# oST version 5.0 parameters


[image]

width
640

height
480

[narrow_stereo/left]

camera matrix
582.562225 0.000000 323.363467
0.000000 576.857091 199.085550
0.000000 0.000000 1.000000

distortion
0.069550 -0.226442 -0.009950 0.005531 0.000000

rectification
0.990260 -0.033827 0.135057
0.034385 0.999407 -0.001802
-0.134916 0.006429 0.990836

projection
645.215958 0.000000 227.464182 0.000000
0.000000 645.215958 200.173517 0.000000
0.000000 0.000000 1.000000 0.000000

# oST version 5.0 parameters


[image]

width
640

height
480

[narrow_stereo/right]

camera matrix
596.876193 0.000000 317.110051
0.000000 587.387038 213.061137
0.000000 0.000000 1.000000

distortion
0.016798 -0.118535 0.004851 0.001872 0.000000

rectification
0.992789 -0.015180 0.118910
0.014689 0.999880 0.005009
-0.118972 -0.003227 0.992892

projection
645.215958 0.000000 227.464182 277.454402
0.000000 645.215958 200.173517 0.000000
0.000000 0.000000 1.000000 0.000000

